stepno=    1, timepoints=1.100000e+00, conv=0, iters= 9, x=3.963148e-03 -9.996004e+00 -6.385230e+00 3.289597e-02 3.289597e-02 1.205195e-05 1.205204e-05 1.654100e-08 1.663301e-08 3.056199e-02 -4.385216e+00 3.129305e-02 1.199946e+01 1.199946e+01 -5.983864e-03 -5.983681e-03 -3.610774e-04 1.472177e-04 
stepno=    2, timepoints=3.300000e+00, conv=0, iters= 9, x=1.190169e-02 -9.988098e+00 -6.355885e+00 9.828335e-02 9.828335e-02 8.390347e-05 8.390362e-05 6.919038e-08 6.932824e-08 9.133167e-02 -4.355885e+00 9.351578e-02 1.200000e+01 1.200000e+01 -5.952597e-03 -5.952051e-03 -3.632213e-04 1.483141e-04 
stepno=    3, timepoints=7.700000e+00, conv=0, iters= 9, x=2.782459e-02 -9.972175e+00 -6.297706e+00 2.274483e-01 2.274483e-01 4.151210e-04 4.151211e-04 2.244249e-07 2.245536e-07 2.114588e-01 -4.297706e+00 2.165132e-01 1.200000e+01 1.200000e+01 -5.890274e-03 -5.889010e-03 -3.674469e-04 1.504747e-04 
stepno=    4, timepoints=1.650000e+01, conv=0, iters= 9, x=5.983053e-02 -9.940169e+00 -6.183488e+00 4.794971e-01 4.794971e-01 1.800762e-03 1.800762e-03 1.039586e-06 1.039696e-06 4.461953e-01 -4.183488e+00 4.568507e-01 1.200000e+01 1.200000e+01 -5.768578e-03 -5.765914e-03 -3.756682e-04 1.546787e-04 
stepno=    5, timepoints=3.410000e+01, conv=0, iters= 9, x=1.243126e-01 -9.875687e+00 -5.963302e+00 9.596626e-01 9.596626e-01 7.261813e-03 7.261813e-03 1.724215e-05 1.724223e-05 8.945995e-01 -3.963302e+00 9.159248e-01 1.200000e+01 1.200000e+01 -5.536435e-03 -5.531104e-03 -3.912385e-04 1.626418e-04 
stepno=    6, timepoints=6.930000e+01, conv=0, iters= 9, x=2.538946e-01 -9.746105e+00 -5.553732e+00 1.827871e+00 1.827871e+00 2.743130e-02 2.743130e-02 3.456219e-03 3.456219e-03 1.714447e+00 -3.553732e+00 1.755177e+00 1.200000e+01 1.200000e+01 -5.114421e-03 -5.104239e-03 -4.192373e-04 1.769647e-04 
stepno=    7, timepoints=1.397000e+02, conv=0, iters= 9, x=5.028917e-01 -9.497108e+00 -4.845508e+00 2.966674e+00 2.966674e+00 8.877851e-02 8.877851e-02 1.623001e-01 1.623001e-01 3.095324e+00 -2.845508e+00 3.168410e+00 1.200000e+01 1.200000e+01 -4.484498e-03 -4.466227e-03 -4.651600e-04 2.004656e-04 
stepno=    8, timepoints=2.805000e+02, conv=0, iters=27, x=9.420121e-01 -9.057988e+00 -3.768669e+00 3.705447e+00 3.705447e+00 2.214281e-01 2.214281e-01 5.764849e-01 5.764849e-01 5.105638e+00 -1.768669e+00 5.224980e+00 1.200000e+01 1.200000e+01 -3.797229e-03 -3.767394e-03 -5.289319e-04 2.331217e-04 
stepno=    9, timepoints=4.213000e+02, conv=0, iters=40, x=1.318032e+00 -8.681968e+00 -2.950654e+00 3.542064e+00 3.542064e+00 3.267787e-01 3.267787e-01 9.423616e-01 9.423616e-01 6.570115e+00 -9.506544e-01 6.722523e+00 1.200000e+01 1.200000e+01 -3.471941e-03 -3.433839e-03 -5.731313e-04 2.557724e-04 
stepno=   10, timepoints=5.621000e+02, conv=1, iters=50, x=
stepno=   11, timepoints=4.389000e+02, conv=0, iters=16, x=1.364038e+00 -8.635962e+00 -2.852297e+00 3.508444e+00 3.508444e+00 3.394551e-01 3.394551e-01 9.873559e-01 9.873559e-01 6.745029e+00 -8.522968e-01 6.901374e+00 1.200000e+01 1.200000e+01 -3.436632e-03 -3.397545e-03 -5.783665e-04 2.584557e-04 
stepno=   12, timepoints=4.741000e+02, conv=0, iters=25, x=1.452044e+00 -8.547956e+00 -2.670042e+00 3.396320e+00 3.396320e+00 3.624222e-01 3.624222e-01 1.073558e+00 1.073558e+00 7.065077e+00 -6.700420e-01 7.228581e+00 1.200000e+01 1.200000e+01 -3.384651e-03 -3.343775e-03 -5.877914e-04 2.632874e-04 
stepno=   13, timepoints=5.093000e+02, conv=0, iters=26, x=1.536049e+00 -8.463951e+00 -2.501207e+00 3.245782e+00 3.245782e+00 3.826793e-01 3.826793e-01 1.155954e+00 1.155954e+00 7.357901e+00 -5.012073e-01 7.527916e+00 1.200000e+01 1.200000e+01 -3.349076e-03 -3.306572e-03 -5.962743e-04 2.676374e-04 
stepno=   14, timepoints=5.445000e+02, conv=0, iters=28, x=1.616087e+00 -8.383913e+00 -2.344826e+00 3.062687e+00 3.062687e+00 3.999821e-01 3.999821e-01 1.234550e+00 1.234550e+00 7.625838e+00 -3.448260e-01 7.801773e+00 1.200000e+01 1.200000e+01 -3.327869e-03 -3.283885e-03 -6.039087e-04 2.715533e-04 
stepno=   15, timepoints=5.797000e+02, conv=0, iters=29, x=1.692214e+00 -8.307786e+00 -2.200000e+00 2.852310e+00 2.852310e+00 4.141562e-01 4.141562e-01 1.309380e+00 1.309380e+00 7.871021e+00 -1.999997e-01 8.052339e+00 1.200000e+01 1.200000e+01 -3.319167e-03 -3.273837e-03 -6.107786e-04 2.750779e-04 
stepno=   16, timepoints=6.149000e+02, conv=0, iters=30, x=1.764510e+00 -8.235490e+00 -2.065892e+00 2.619386e+00 2.619386e+00 4.250880e-01 4.250880e-01 1.380503e+00 1.380503e+00 8.095399e+00 -6.589178e-02 8.281613e+00 1.200000e+01 1.200000e+01 -3.321300e-03 -3.274747e-03 -6.169598e-04 2.782501e-04 
stepno=   17, timepoints=6.501000e+02, conv=0, iters=31, x=1.833068e+00 -8.166932e+00 -1.941725e+00 2.368155e+00 2.368155e+00 4.327167e-01 4.327167e-01 1.447998e+00 1.447998e+00 8.300754e+00 5.827508e-02 8.491419e+00 1.200000e+01 1.200000e+01 -3.332763e-03 -3.285097e-03 -6.225208e-04 2.811048e-04 
stepno=   18, timepoints=6.853000e+02, conv=0, iters=33, x=1.897993e+00 -8.102006e+00 -1.826777e+00 2.102397e+00 2.102397e+00 4.370264e-01 4.370264e-01 1.511958e+00 1.511958e+00 8.488712e+00 1.732233e-01 8.683424e+00 1.200000e+01 1.200000e+01 -3.352223e-03 -3.303545e-03 -6.275230e-04 2.836734e-04 
stepno=   19, timepoints=7.205000e+02, conv=0, iters=34, x=1.959291e+00 -8.040709e+00 -1.720444e+00 1.825701e+00 1.825701e+00 4.380422e-01 4.380422e-01 1.572378e+00 1.572378e+00 8.660759e+00 2.795564e-01 8.859151e+00 1.200000e+01 1.200000e+01 -3.378385e-03 -3.328787e-03 -6.320266e-04 2.859865e-04 
stepno=   20, timepoints=7.557000e+02, conv=0, iters=35, x=1.957017e+00 -8.042983e+00 -1.658297e+00 1.661525e+00 1.661525e+00 4.371722e-01 4.371722e-01 1.570772e+00 1.570772e+00 8.817866e+00 3.417030e-01 9.019605e+00 1.200000e+01 1.200000e+01 -3.380152e-03 -3.329718e-03 -6.384686e-04 2.892632e-04 
stepno=   21, timepoints=7.909000e+02, conv=0, iters=35, x=1.911592e+00 -8.088408e+00 -1.627669e+00 1.601680e+00 1.601680e+00 4.356700e-01 4.356700e-01 1.526479e+00 1.526479e+00 8.961052e+00 3.723312e-01 9.165834e+00 1.200000e+01 1.200000e+01 -3.359317e-03 -3.308122e-03 -6.460739e-04 2.931165e-04 
stepno=   22, timepoints=8.261000e+02, conv=0, iters=34, x=1.873561e+00 -8.126439e+00 -1.597727e+00 1.564075e+00 1.564075e+00 4.338130e-01 4.338130e-01 1.488941e+00 1.488941e+00 9.091572e+00 4.022725e-01 9.299121e+00 1.200000e+01 1.200000e+01 -3.336088e-03 -3.284201e-03 -6.528712e-04 2.965612e-04 
stepno=   23, timepoints=8.613000e+02, conv=0, iters=33, x=1.845110e+00 -8.154890e+00 -1.566686e+00 1.536825e+00 1.536825e+00 4.317333e-01 4.317333e-01 1.460806e+00 1.460806e+00 9.210587e+00 4.333144e-01 9.420652e+00 1.200000e+01 1.200000e+01 -3.313143e-03 -3.260626e-03 -6.588205e-04 2.995781e-04 
stepno=   24, timepoints=8.965000e+02, conv=0, iters=33, x=1.824102e+00 -8.175898e+00 -1.535414e+00 1.516762e+00 1.516762e+00 4.295211e-01 4.295211e-01 1.440026e+00 1.440026e+00 9.319142e+00 4.645862e-01 9.531495e+00 1.200000e+01 1.200000e+01 -3.291024e-03 -3.237935e-03 -6.640484e-04 3.022299e-04 
stepno=   25, timepoints=9.317000e+02, conv=0, iters=33, x=1.808655e+00 -8.191345e+00 -1.504650e+00 1.501987e+00 1.501987e+00 4.272418e-01 4.272418e-01 1.424743e+00 1.424743e+00 9.418181e+00 4.953504e-01 9.632614e+00 1.200000e+01 1.200000e+01 -3.269958e-03 -3.216350e-03 -6.686695e-04 3.045752e-04 
stepno=   26, timepoints=9.669000e+02, conv=0, iters=32, x=1.797338e+00 -8.202662e+00 -1.474907e+00 1.491124e+00 1.491124e+00 4.249422e-01 4.249422e-01 1.413543e+00 1.413543e+00 9.508555e+00 5.250925e-01 9.724880e+00 1.200000e+01 1.200000e+01 -3.250073e-03 -3.195992e-03 -6.727754e-04 3.066600e-04 
stepno=   27, timepoints=1.002100e+03, conv=0, iters=32, x=1.789084e+00 -8.210916e+00 -1.446526e+00 1.483158e+00 1.483158e+00 4.226556e-01 4.226556e-01 1.405371e+00 1.405371e+00 9.591036e+00 5.534738e-01 9.809082e+00 1.200000e+01 1.200000e+01 -3.231448e-03 -3.176937e-03 -6.764390e-04 3.085202e-04 
stepno=   28, timepoints=1.037300e+03, conv=0, iters=32, x=1.783096e+00 -8.216904e+00 -1.419692e+00 1.477337e+00 1.477337e+00 4.204055e-01 4.204055e-01 1.399439e+00 1.399439e+00 9.666323e+00 5.803075e-01 9.885933e+00 1.200000e+01 1.200000e+01 -3.214083e-03 -3.159181e-03 -6.797211e-04 3.101873e-04 
stepno=   29, timepoints=1.072500e+03, conv=0, iters=32, x=1.778782e+00 -8.221218e+00 -1.394506e+00 1.473102e+00 1.473102e+00 4.182081e-01 4.182081e-01 1.395163e+00 1.395163e+00 9.735051e+00 6.054945e-01 9.956084e+00 1.200000e+01 1.200000e+01 -3.197960e-03 -3.142702e-03 -6.826712e-04 3.116860e-04 
stepno=   30, timepoints=1.107700e+03, conv=0, iters=32, x=1.775702e+00 -8.224298e+00 -1.370997e+00 1.470038e+00 1.470038e+00 4.160742e-01 4.160742e-01 1.392107e+00 1.392107e+00 9.797798e+00 6.290033e-01 1.002012e+01 1.200000e+01 1.200000e+01 -3.183040e-03 -3.127459e-03 -6.853301e-04 3.130369e-04 
stepno=   31, timepoints=1.142900e+03, conv=0, iters=32, x=1.773529e+00 -8.226471e+00 -1.349150e+00 1.467838e+00 1.467838e+00 4.140106e-01 4.140106e-01 1.389948e+00 1.389948e+00 9.855087e+00 6.508500e-01 1.007859e+01 1.200000e+01 1.200000e+01 -3.169268e-03 -3.113393e-03 -6.877321e-04 3.142575e-04 
stepno=   32, timepoints=1.178100e+03, conv=0, iters=32, x=1.772020e+00 -8.227980e+00 -1.328918e+00 1.466274e+00 1.466274e+00 4.120213e-01 4.120213e-01 1.388447e+00 1.388447e+00 9.907396e+00 6.710823e-01 1.013197e+01 1.200000e+01 1.200000e+01 -3.156582e-03 -3.100439e-03 -6.899062e-04 3.153624e-04 
stepno=   33, timepoints=1.213300e+03, conv=0, iters=32, x=1.770996e+00 -8.229004e+00 -1.310232e+00 1.465176e+00 1.465176e+00 4.101082e-01 4.101082e-01 1.387425e+00 1.387425e+00 9.955161e+00 6.897683e-01 1.018070e+01 1.200000e+01 1.200000e+01 -3.144915e-03 -3.088529e-03 -6.918772e-04 3.163641e-04 
stepno=   34, timepoints=1.248500e+03, conv=0, iters=32, x=1.770324e+00 -8.229676e+00 -1.293011e+00 1.464420e+00 1.464420e+00 4.082718e-01 4.082718e-01 1.386752e+00 1.386752e+00 9.998778e+00 7.069887e-01 1.022521e+01 1.200000e+01 1.200000e+01 -3.134200e-03 -3.077593e-03 -6.936665e-04 3.172735e-04 
stepno=   35, timepoints=1.283700e+03, conv=0, iters=32, x=1.769906e+00 -8.230094e+00 -1.277169e+00 1.463913e+00 1.463913e+00 4.065115e-01 4.065115e-01 1.386331e+00 1.386331e+00 1.003861e+01 7.228308e-01 1.026584e+01 1.200000e+01 1.200000e+01 -3.124369e-03 -3.067561e-03 -6.952925e-04 3.180999e-04 
stepno=   36, timepoints=1.318900e+03, conv=0, iters=32, x=1.769670e+00 -8.230330e+00 -1.262615e+00 1.463586e+00 1.463586e+00 4.048259e-01 4.048259e-01 1.386090e+00 1.386090e+00 1.007498e+01 7.373845e-01 1.030294e+01 1.200000e+01 1.200000e+01 -3.115357e-03 -3.058367e-03 -6.967715e-04 3.188516e-04 
stepno=   37, timepoints=1.354100e+03, conv=0, iters=32, x=1.769562e+00 -8.230438e+00 -1.249260e+00 1.463389e+00 1.463389e+00 4.032130e-01 4.032130e-01 1.385976e+00 1.385976e+00 1.010820e+01 7.507396e-01 1.033683e+01 1.200000e+01 1.200000e+01 -3.107102e-03 -3.049945e-03 -6.981178e-04 3.195358e-04 
stepno=   38, timepoints=1.389300e+03, conv=0, iters=32, x=1.769543e+00 -8.230457e+00 -1.237016e+00 1.463284e+00 1.463284e+00 4.016708e-01 4.016708e-01 1.385952e+00 1.385952e+00 1.013853e+01 7.629837e-01 1.036777e+01 1.200000e+01 1.200000e+01 -3.099545e-03 -3.042236e-03 -6.993441e-04 3.201590e-04 
stepno=   39, timepoints=1.424500e+03, conv=0, iters=32, x=1.769586e+00 -8.230414e+00 -1.225799e+00 1.463245e+00 1.463245e+00 4.001968e-01 4.001968e-01 1.385988e+00 1.385988e+00 1.016624e+01 7.742008e-01 1.039602e+01 1.200000e+01 1.200000e+01 -3.092628e-03 -3.035183e-03 -7.004615e-04 3.207269e-04 
stepno=   40, timepoints=1.459700e+03, conv=0, iters=32, x=1.769669e+00 -8.230331e+00 -1.215529e+00 1.463249e+00 1.463249e+00 3.987885e-01 3.987885e-01 1.386065e+00 1.386065e+00 1.019154e+01 7.844710e-01 1.042182e+01 1.200000e+01 1.200000e+01 -3.086302e-03 -3.028731e-03 -7.014803e-04 3.212446e-04 
stepno=   41, timepoints=1.494900e+03, conv=0, iters=32, x=1.769777e+00 -8.230223e+00 -1.206130e+00 1.463285e+00 1.463285e+00 3.974432e-01 3.974432e-01 1.386167e+00 1.386167e+00 1.021465e+01 7.938697e-01 1.044538e+01 1.200000e+01 1.200000e+01 -3.080516e-03 -3.022832e-03 -7.024093e-04 3.217167e-04 
stepno=   42, timepoints=1.530100e+03, conv=0, iters=32, x=1.769900e+00 -8.230100e+00 -1.197533e+00 1.463339e+00 1.463339e+00 3.961585e-01 3.961585e-01 1.386284e+00 1.386284e+00 1.023575e+01 8.024674e-01 1.046690e+01 1.200000e+01 1.200000e+01 -3.075227e-03 -3.017439e-03 -7.032568e-04 3.221474e-04 
stepno=   43, timepoints=1.565300e+03, conv=0, iters=32, x=1.770030e+00 -8.229970e+00 -1.189670e+00 1.463406e+00 1.463406e+00 3.949316e-01 3.949316e-01 1.386408e+00 1.386408e+00 1.025502e+01 8.103299e-01 1.048655e+01 1.200000e+01 1.200000e+01 -3.070392e-03 -3.012510e-03 -7.040300e-04 3.225403e-04 
stepno=   44, timepoints=1.600500e+03, conv=0, iters=32, x=1.770161e+00 -8.229839e+00 -1.182482e+00 1.463480e+00 1.463480e+00 3.937602e-01 3.937602e-01 1.386535e+00 1.386535e+00 1.027263e+01 8.175182e-01 1.050449e+01 1.200000e+01 1.200000e+01 -3.065973e-03 -3.008006e-03 -7.047357e-04 3.228988e-04 
stepno=   45, timepoints=1.635700e+03, conv=0, iters=32, x=1.770291e+00 -8.229709e+00 -1.175911e+00 1.463555e+00 1.463555e+00 3.926418e-01 3.926418e-01 1.386660e+00 1.386660e+00 1.028870e+01 8.240886e-01 1.052088e+01 1.200000e+01 1.200000e+01 -3.061935e-03 -3.003890e-03 -7.053797e-04 3.232260e-04 
stepno=   46, timepoints=1.670900e+03, conv=0, iters=32, x=1.770417e+00 -8.229583e+00 -1.169907e+00 1.463631e+00 1.463631e+00 3.915741e-01 3.915741e-01 1.386781e+00 1.386781e+00 1.030338e+01 8.300933e-01 1.053584e+01 1.200000e+01 1.200000e+01 -3.058245e-03 -3.000130e-03 -7.059677e-04 3.235247e-04 
stepno=   47, timepoints=1.706100e+03, conv=0, iters=32, x=1.770536e+00 -8.229464e+00 -1.164420e+00 1.463705e+00 1.463705e+00 3.905546e-01 3.905546e-01 1.386896e+00 1.386896e+00 1.031679e+01 8.355801e-01 1.054951e+01 1.200000e+01 1.200000e+01 -3.054875e-03 -2.996695e-03 -7.065044e-04 3.237973e-04 
stepno=   48, timepoints=1.741300e+03, conv=0, iters=32, x=1.770649e+00 -8.229351e+00 -1.159407e+00 1.463776e+00 1.463776e+00 3.895814e-01 3.895814e-01 1.387005e+00 1.387005e+00 1.032904e+01 8.405932e-01 1.056199e+01 1.200000e+01 1.200000e+01 -3.051795e-03 -2.993557e-03 -7.069944e-04 3.240462e-04 
stepno=   49, timepoints=1.776500e+03, conv=0, iters=32, x=1.770755e+00 -8.229245e+00 -1.154827e+00 1.463843e+00 1.463843e+00 3.886522e-01 3.886522e-01 1.387107e+00 1.387107e+00 1.034022e+01 8.451729e-01 1.057339e+01 1.200000e+01 1.200000e+01 -3.048982e-03 -2.990691e-03 -7.074418e-04 3.242735e-04 
stepno=   50, timepoints=1.811700e+03, conv=0, iters=32, x=1.770853e+00 -8.229147e+00 -1.150643e+00 1.463906e+00 1.463906e+00 3.877651e-01 3.877651e-01 1.387202e+00 1.387202e+00 1.035044e+01 8.493565e-01 1.058380e+01 1.200000e+01 1.200000e+01 -3.046413e-03 -2.988073e-03 -7.078504e-04 3.244810e-04 
stepno=   51, timepoints=1.846900e+03, conv=0, iters=32, x=1.770944e+00 -8.229056e+00 -1.146822e+00 1.463965e+00 1.463965e+00 3.869181e-01 3.869181e-01 1.387290e+00 1.387290e+00 1.035977e+01 8.531779e-01 1.059330e+01 1.200000e+01 1.200000e+01 -3.044066e-03 -2.985682e-03 -7.082234e-04 3.246704e-04 
stepno=   52, timepoints=1.882100e+03, conv=0, iters=32, x=1.771027e+00 -8.228973e+00 -1.143332e+00 1.464019e+00 1.464019e+00 3.861095e-01 3.861095e-01 1.387371e+00 1.387371e+00 1.036829e+01 8.566683e-01 1.060198e+01 1.200000e+01 1.200000e+01 -3.041922e-03 -2.983499e-03 -7.085641e-04 3.248434e-04 
stepno=   53, timepoints=1.917300e+03, conv=0, iters=32, x=1.771104e+00 -8.228896e+00 -1.140144e+00 1.464069e+00 1.464069e+00 3.853374e-01 3.853374e-01 1.387445e+00 1.387445e+00 1.037607e+01 8.598563e-01 1.060991e+01 1.200000e+01 1.200000e+01 -3.039964e-03 -2.981504e-03 -7.088752e-04 3.250014e-04 
stepno=   54, timepoints=1.952500e+03, conv=0, iters=32, x=1.771175e+00 -8.228825e+00 -1.137232e+00 1.464115e+00 1.464115e+00 3.846001e-01 3.846001e-01 1.387513e+00 1.387513e+00 1.038318e+01 8.627678e-01 1.061715e+01 1.200000e+01 1.200000e+01 -3.038176e-03 -2.979683e-03 -7.091593e-04 3.251457e-04 
stepno=   55, timepoints=1.987700e+03, conv=0, iters=32, x=1.771239e+00 -8.228761e+00 -1.134573e+00 1.464157e+00 1.464157e+00 3.838962e-01 3.838962e-01 1.387575e+00 1.387575e+00 1.038967e+01 8.654269e-01 1.062376e+01 1.200000e+01 1.200000e+01 -3.036542e-03 -2.978020e-03 -7.094188e-04 3.252774e-04 
stepno=   56, timepoints=2.022900e+03, conv=0, iters=32, x=1.771298e+00 -8.228702e+00 -1.132145e+00 1.464195e+00 1.464195e+00 3.832240e-01 3.832240e-01 1.387632e+00 1.387632e+00 1.039560e+01 8.678552e-01 1.062980e+01 1.200000e+01 1.200000e+01 -3.035051e-03 -2.976501e-03 -7.096558e-04 3.253977e-04 
stepno=   57, timepoints=2.058100e+03, conv=0, iters=32, x=1.771351e+00 -8.228649e+00 -1.129927e+00 1.464229e+00 1.464229e+00 3.825821e-01 3.825821e-01 1.387684e+00 1.387684e+00 1.040101e+01 8.700729e-01 1.063531e+01 1.200000e+01 1.200000e+01 -3.033688e-03 -2.975114e-03 -7.098722e-04 3.255076e-04 
stepno=   58, timepoints=2.093300e+03, conv=0, iters=32, x=1.771400e+00 -8.228600e+00 -1.127902e+00 1.464261e+00 1.464261e+00 3.819692e-01 3.819692e-01 1.387731e+00 1.387731e+00 1.040596e+01 8.720981e-01 1.064034e+01 1.200000e+01 1.200000e+01 -3.032444e-03 -2.973847e-03 -7.100699e-04 3.256079e-04 
stepno=   59, timepoints=2.128500e+03, conv=0, iters=32, x=1.771444e+00 -8.228556e+00 -1.126052e+00 1.464289e+00 1.464289e+00 3.813838e-01 3.813838e-01 1.387773e+00 1.387773e+00 1.041047e+01 8.739475e-01 1.064494e+01 1.200000e+01 1.200000e+01 -3.031308e-03 -2.972690e-03 -7.102504e-04 3.256996e-04 
stepno=   60, timepoints=2.163700e+03, conv=0, iters=32, x=1.771484e+00 -8.228516e+00 -1.124364e+00 1.464315e+00 1.464315e+00 3.808248e-01 3.808248e-01 1.387812e+00 1.387812e+00 1.041460e+01 8.756363e-01 1.064914e+01 1.200000e+01 1.200000e+01 -3.030270e-03 -2.971634e-03 -7.104153e-04 3.257832e-04 
stepno=   61, timepoints=2.198900e+03, conv=0, iters=32, x=1.771520e+00 -8.228480e+00 -1.122822e+00 1.464338e+00 1.464338e+00 3.802910e-01 3.802910e-01 1.387847e+00 1.387847e+00 1.041836e+01 8.771785e-01 1.065298e+01 1.200000e+01 1.200000e+01 -3.029323e-03 -2.970670e-03 -7.105659e-04 3.258597e-04 
stepno=   62, timepoints=2.234100e+03, conv=0, iters=32, x=1.771553e+00 -8.228447e+00 -1.121413e+00 1.464359e+00 1.464359e+00 3.797811e-01 3.797811e-01 1.387879e+00 1.387879e+00 1.042180e+01 8.785867e-01 1.065648e+01 1.200000e+01 1.200000e+01 -3.028458e-03 -2.969789e-03 -7.107034e-04 3.259295e-04 
stepno=   63, timepoints=2.269300e+03, conv=0, iters=32, x=1.771582e+00 -8.228418e+00 -1.120127e+00 1.464378e+00 1.464378e+00 3.792941e-01 3.792941e-01 1.387908e+00 1.387908e+00 1.042495e+01 8.798726e-01 1.065968e+01 1.200000e+01 1.200000e+01 -3.027667e-03 -2.968985e-03 -7.108290e-04 3.259932e-04 
stepno=   64, timepoints=2.304500e+03, conv=0, iters=32, x=1.771609e+00 -8.228391e+00 -1.118953e+00 1.464395e+00 1.464395e+00 3.788290e-01 3.788290e-01 1.387934e+00 1.387934e+00 1.042782e+01 8.810468e-01 1.066260e+01 1.200000e+01 1.200000e+01 -3.026946e-03 -2.968250e-03 -7.109438e-04 3.260514e-04 
stepno=   65, timepoints=2.339700e+03, conv=0, iters=32, x=1.771633e+00 -8.228367e+00 -1.117881e+00 1.464410e+00 1.464410e+00 3.783848e-01 3.783848e-01 1.387957e+00 1.387957e+00 1.043044e+01 8.821190e-01 1.066527e+01 1.200000e+01 1.200000e+01 -3.026287e-03 -2.967579e-03 -7.110486e-04 3.261046e-04 
stepno=   66, timepoints=2.374900e+03, conv=0, iters=32, x=1.771655e+00 -8.228345e+00 -1.116902e+00 1.464423e+00 1.464423e+00 3.779605e-01 3.779605e-01 1.387978e+00 1.387978e+00 1.043283e+01 8.830980e-01 1.066770e+01 1.200000e+01 1.200000e+01 -3.025685e-03 -2.966967e-03 -7.111443e-04 3.261532e-04 
stepno=   67, timepoints=2.410100e+03, conv=0, iters=32, x=1.771675e+00 -8.228325e+00 -1.116008e+00 1.464435e+00 1.464435e+00 3.775552e-01 3.775552e-01 1.387997e+00 1.387997e+00 1.043502e+01 8.839920e-01 1.066993e+01 1.200000e+01 1.200000e+01 -3.025135e-03 -2.966408e-03 -7.112317e-04 3.261975e-04 
stepno=   68, timepoints=2.445300e+03, conv=0, iters=32, x=1.771693e+00 -8.228307e+00 -1.115192e+00 1.464446e+00 1.464446e+00 3.771681e-01 3.771681e-01 1.388014e+00 1.388014e+00 1.043701e+01 8.848082e-01 1.067196e+01 1.200000e+01 1.200000e+01 -3.024633e-03 -2.965897e-03 -7.113116e-04 3.262380e-04 
stepno=   69, timepoints=2.480500e+03, conv=0, iters=32, x=1.771708e+00 -8.228292e+00 -1.114447e+00 1.464455e+00 1.464455e+00 3.767983e-01 3.767983e-01 1.388029e+00 1.388029e+00 1.043884e+01 8.855535e-01 1.067381e+01 1.200000e+01 1.200000e+01 -3.024175e-03 -2.965431e-03 -7.113845e-04 3.262750e-04 
stepno=   70, timepoints=2.515700e+03, conv=0, iters=32, x=1.771723e+00 -8.228277e+00 -1.113766e+00 1.464464e+00 1.464464e+00 3.764451e-01 3.764451e-01 1.388043e+00 1.388043e+00 1.044050e+01 8.862339e-01 1.067551e+01 1.200000e+01 1.200000e+01 -3.023757e-03 -2.965006e-03 -7.114511e-04 3.263088e-04 
stepno=   71, timepoints=2.550900e+03, conv=0, iters=32, x=1.771736e+00 -8.228264e+00 -1.113145e+00 1.464471e+00 1.464471e+00 3.761077e-01 3.761077e-01 1.388056e+00 1.388056e+00 1.044202e+01 8.868553e-01 1.067705e+01 1.200000e+01 1.200000e+01 -3.023375e-03 -2.964617e-03 -7.115120e-04 3.263397e-04 
stepno=   72, timepoints=2.586100e+03, conv=0, iters=32, x=1.771747e+00 -8.228253e+00 -1.112577e+00 1.464478e+00 1.464478e+00 3.757854e-01 3.757854e-01 1.388067e+00 1.388067e+00 1.044341e+01 8.874225e-01 1.067847e+01 1.200000e+01 1.200000e+01 -3.023026e-03 -2.964262e-03 -7.115676e-04 3.263679e-04 
stepno=   73, timepoints=2.621300e+03, conv=0, iters=32, x=1.771757e+00 -8.228243e+00 -1.112060e+00 1.464484e+00 1.464484e+00 3.754774e-01 3.754774e-01 1.388076e+00 1.388076e+00 1.044468e+01 8.879405e-01 1.067976e+01 1.200000e+01 1.200000e+01 -3.022707e-03 -2.963938e-03 -7.116183e-04 3.263936e-04 
stepno=   74, timepoints=2.656500e+03, conv=0, iters=32, x=1.771766e+00 -8.228234e+00 -1.111587e+00 1.464489e+00 1.464489e+00 3.751833e-01 3.751833e-01 1.388085e+00 1.388085e+00 1.044584e+01 8.884134e-01 1.068094e+01 1.200000e+01 1.200000e+01 -3.022416e-03 -2.963642e-03 -7.116647e-04 3.264172e-04 
stepno=   75, timepoints=2.691700e+03, conv=0, iters=32, x=1.771775e+00 -8.228225e+00 -1.111155e+00 1.464493e+00 1.464493e+00 3.749023e-01 3.749023e-01 1.388093e+00 1.388093e+00 1.044690e+01 8.888451e-01 1.068201e+01 1.200000e+01 1.200000e+01 -3.022150e-03 -2.963372e-03 -7.117071e-04 3.264386e-04 
stepno=   76, timepoints=2.726900e+03, conv=0, iters=32, x=1.771782e+00 -8.228218e+00 -1.110761e+00 1.464497e+00 1.464497e+00 3.746338e-01 3.746338e-01 1.388100e+00 1.388100e+00 1.044786e+01 8.892393e-01 1.068299e+01 1.200000e+01 1.200000e+01 -3.021908e-03 -2.963125e-03 -7.117458e-04 3.264583e-04 
stepno=   77, timepoints=2.762100e+03, conv=0, iters=32, x=1.771788e+00 -8.228212e+00 -1.110401e+00 1.464501e+00 1.464501e+00 3.743773e-01 3.743773e-01 1.388106e+00 1.388106e+00 1.044875e+01 8.895992e-01 1.068389e+01 1.200000e+01 1.200000e+01 -3.021686e-03 -2.962900e-03 -7.117811e-04 3.264762e-04 
stepno=   78, timepoints=2.797300e+03, conv=0, iters=32, x=1.771794e+00 -8.228206e+00 -1.110072e+00 1.464504e+00 1.464504e+00 3.741323e-01 3.741323e-01 1.388112e+00 1.388112e+00 1.044955e+01 8.899277e-01 1.068471e+01 1.200000e+01 1.200000e+01 -3.021484e-03 -2.962694e-03 -7.118134e-04 3.264925e-04 
stepno=   79, timepoints=2.832500e+03, conv=0, iters=32, x=1.771799e+00 -8.228201e+00 -1.109772e+00 1.464506e+00 1.464506e+00 3.738982e-01 3.738982e-01 1.388117e+00 1.388117e+00 1.045029e+01 8.902277e-01 1.068546e+01 1.200000e+01 1.200000e+01 -3.021300e-03 -2.962507e-03 -7.118429e-04 3.265075e-04 
stepno=   80, timepoints=2.867700e+03, conv=0, iters=32, x=1.771803e+00 -8.228197e+00 -1.109498e+00 1.464508e+00 1.464508e+00 3.736746e-01 3.736746e-01 1.388121e+00 1.388121e+00 1.045096e+01 8.905015e-01 1.068614e+01 1.200000e+01 1.200000e+01 -3.021131e-03 -2.962335e-03 -7.118698e-04 3.265211e-04 
stepno=   81, timepoints=2.902900e+03, conv=0, iters=32, x=1.771807e+00 -8.228193e+00 -1.109248e+00 1.464510e+00 1.464510e+00 3.734609e-01 3.734609e-01 1.388125e+00 1.388125e+00 1.045158e+01 8.907515e-01 1.068677e+01 1.200000e+01 1.200000e+01 -3.020977e-03 -2.962179e-03 -7.118944e-04 3.265336e-04 
stepno=   82, timepoints=2.938100e+03, conv=0, iters=32, x=1.771811e+00 -8.228189e+00 -1.109020e+00 1.464511e+00 1.464511e+00 3.732568e-01 3.732568e-01 1.388128e+00 1.388128e+00 1.045214e+01 8.909797e-01 1.068734e+01 1.200000e+01 1.200000e+01 -3.020836e-03 -2.962036e-03 -7.119169e-04 3.265450e-04 
stepno=   83, timepoints=2.973300e+03, conv=0, iters=32, x=1.771814e+00 -8.228186e+00 -1.108812e+00 1.464513e+00 1.464513e+00 3.730617e-01 3.730617e-01 1.388131e+00 1.388131e+00 1.045265e+01 8.911880e-01 1.068786e+01 1.200000e+01 1.200000e+01 -3.020708e-03 -2.961906e-03 -7.119374e-04 3.265554e-04 
stepno=   84, timepoints=3.008500e+03, conv=0, iters=32, x=1.771816e+00 -8.228184e+00 -1.108622e+00 1.464513e+00 1.464513e+00 3.728754e-01 3.728754e-01 1.388133e+00 1.388133e+00 1.045312e+01 8.913782e-01 1.068833e+01 1.200000e+01 1.200000e+01 -3.020591e-03 -2.961786e-03 -7.119562e-04 3.265649e-04 
stepno=   85, timepoints=3.043700e+03, conv=0, iters=32, x=1.771819e+00 -8.228181e+00 -1.108448e+00 1.464514e+00 1.464514e+00 3.726973e-01 3.726973e-01 1.388135e+00 1.388135e+00 1.045354e+01 8.915518e-01 1.068877e+01 1.200000e+01 1.200000e+01 -3.020484e-03 -2.961678e-03 -7.119733e-04 3.265736e-04 
stepno=   86, timepoints=3.078900e+03, conv=0, iters=32, x=1.771821e+00 -8.228179e+00 -1.108290e+00 1.464515e+00 1.464515e+00 3.725272e-01 3.725272e-01 1.388137e+00 1.388137e+00 1.045393e+01 8.917103e-01 1.068916e+01 1.200000e+01 1.200000e+01 -3.020386e-03 -2.961579e-03 -7.119890e-04 3.265815e-04 
stepno=   87, timepoints=3.114100e+03, conv=0, iters=32, x=1.771822e+00 -8.228178e+00 -1.108145e+00 1.464515e+00 1.464515e+00 3.723647e-01 3.723647e-01 1.388139e+00 1.388139e+00 1.045429e+01 8.918549e-01 1.068953e+01 1.200000e+01 1.200000e+01 -3.020297e-03 -2.961488e-03 -7.120033e-04 3.265888e-04 
stepno=   88, timepoints=3.149300e+03, conv=0, iters=32, x=1.771824e+00 -8.228176e+00 -1.108013e+00 1.464515e+00 1.464515e+00 3.722094e-01 3.722094e-01 1.388140e+00 1.388140e+00 1.045461e+01 8.919869e-01 1.068986e+01 1.200000e+01 1.200000e+01 -3.020216e-03 -2.961405e-03 -7.120163e-04 3.265954e-04 
stepno=   89, timepoints=3.184500e+03, conv=0, iters=32, x=1.771825e+00 -8.228175e+00 -1.107893e+00 1.464516e+00 1.464516e+00 3.720610e-01 3.720610e-01 1.388141e+00 1.388141e+00 1.045491e+01 8.921074e-01 1.069016e+01 1.200000e+01 1.200000e+01 -3.020141e-03 -2.961330e-03 -7.120283e-04 3.266014e-04 
stepno=   90, timepoints=3.219700e+03, conv=0, iters=32, x=1.771826e+00 -8.228174e+00 -1.107783e+00 1.464516e+00 1.464516e+00 3.719192e-01 3.719192e-01 1.388142e+00 1.388142e+00 1.045518e+01 8.922174e-01 1.069043e+01 1.200000e+01 1.200000e+01 -3.020074e-03 -2.961261e-03 -7.120392e-04 3.266070e-04 
stepno=   91, timepoints=3.254900e+03, conv=0, iters=32, x=1.771826e+00 -8.228174e+00 -1.107682e+00 1.464515e+00 1.464515e+00 3.717837e-01 3.717837e-01 1.388143e+00 1.388143e+00 1.045543e+01 8.923178e-01 1.069069e+01 1.200000e+01 1.200000e+01 -3.020012e-03 -2.961198e-03 -7.120491e-04 3.266120e-04 
stepno=   92, timepoints=3.290100e+03, conv=0, iters=32, x=1.771827e+00 -8.228173e+00 -1.107591e+00 1.464515e+00 1.464515e+00 3.716543e-01 3.716543e-01 1.388143e+00 1.388143e+00 1.045566e+01 8.924094e-01 1.069092e+01 1.200000e+01 1.200000e+01 -3.019955e-03 -2.961140e-03 -7.120582e-04 3.266166e-04 
stepno=   93, timepoints=3.325300e+03, conv=0, iters=32, x=1.771828e+00 -8.228172e+00 -1.107507e+00 1.464515e+00 1.464515e+00 3.715306e-01 3.715306e-01 1.388144e+00 1.388144e+00 1.045586e+01 8.924930e-01 1.069113e+01 1.200000e+01 1.200000e+01 -3.019903e-03 -2.961088e-03 -7.120665e-04 3.266208e-04 
stepno=   94, timepoints=3.360500e+03, conv=0, iters=32, x=1.771828e+00 -8.228172e+00 -1.107431e+00 1.464515e+00 1.464515e+00 3.714124e-01 3.714124e-01 1.388144e+00 1.388144e+00 1.045605e+01 8.925693e-01 1.069132e+01 1.200000e+01 1.200000e+01 -3.019856e-03 -2.961040e-03 -7.120741e-04 3.266247e-04 
stepno=   95, timepoints=3.395700e+03, conv=0, iters=32, x=1.771828e+00 -8.228172e+00 -1.107361e+00 1.464514e+00 1.464514e+00 3.712995e-01 3.712995e-01 1.388144e+00 1.388144e+00 1.045623e+01 8.926390e-01 1.069149e+01 1.200000e+01 1.200000e+01 -3.019813e-03 -2.960997e-03 -7.120811e-04 3.266282e-04 
stepno=   96, timepoints=3.430900e+03, conv=0, iters=32, x=1.771828e+00 -8.228172e+00 -1.107297e+00 1.464514e+00 1.464514e+00 3.711916e-01 3.711916e-01 1.388144e+00 1.388144e+00 1.045638e+01 8.927025e-01 1.069165e+01 1.200000e+01 1.200000e+01 -3.019774e-03 -2.960957e-03 -7.120874e-04 3.266314e-04 
stepno=   97, timepoints=3.466100e+03, conv=0, iters=32, x=1.771828e+00 -8.228172e+00 -1.107239e+00 1.464513e+00 1.464513e+00 3.710885e-01 3.710885e-01 1.388144e+00 1.388144e+00 1.045653e+01 8.927605e-01 1.069180e+01 1.200000e+01 1.200000e+01 -3.019738e-03 -2.960920e-03 -7.120932e-04 3.266343e-04 
stepno=   98, timepoints=3.501300e+03, conv=0, iters=32, x=1.771828e+00 -8.228172e+00 -1.107187e+00 1.464513e+00 1.464513e+00 3.709899e-01 3.709899e-01 1.388144e+00 1.388144e+00 1.045666e+01 8.928134e-01 1.069193e+01 1.200000e+01 1.200000e+01 -3.019706e-03 -2.960887e-03 -7.120985e-04 3.266370e-04 
stepno=   99, timepoints=3.536500e+03, conv=0, iters=32, x=1.771828e+00 -8.228172e+00 -1.107138e+00 1.464512e+00 1.464512e+00 3.708958e-01 3.708958e-01 1.388144e+00 1.388144e+00 1.045678e+01 8.928617e-01 1.069205e+01 1.200000e+01 1.200000e+01 -3.019676e-03 -2.960857e-03 -7.121033e-04 3.266395e-04 
stepno=  100, timepoints=3.571700e+03, conv=0, iters=32, x=1.771828e+00 -8.228172e+00 -1.107094e+00 1.464512e+00 1.464512e+00 3.708058e-01 3.708058e-01 1.388144e+00 1.388144e+00 1.045689e+01 8.929057e-01 1.069216e+01 1.200000e+01 1.200000e+01 -3.019648e-03 -2.960829e-03 -7.121078e-04 3.266417e-04 
stepno=  101, timepoints=3.606900e+03, conv=0, iters=32, x=1.771828e+00 -8.228172e+00 -1.107054e+00 1.464511e+00 1.464511e+00 3.707199e-01 3.707199e-01 1.388144e+00 1.388144e+00 1.045699e+01 8.929459e-01 1.069227e+01 1.200000e+01 1.200000e+01 -3.019624e-03 -2.960804e-03 -7.121118e-04 3.266438e-04 
stepno=  102, timepoints=3.642100e+03, conv=0, iters=32, x=1.771828e+00 -8.228172e+00 -1.107017e+00 1.464511e+00 1.464511e+00 3.706377e-01 3.706377e-01 1.388144e+00 1.388144e+00 1.045708e+01 8.929826e-01 1.069236e+01 1.200000e+01 1.200000e+01 -3.019601e-03 -2.960781e-03 -7.121155e-04 3.266456e-04 
